56741
56741
56741
56777
56778
56814
56814
56814
56821
56846
56847
56847
56847
56847
56847
56847
56847
56847
56847
56847
56847
56867
56867
56867
56873
56873
56884
56895
56895
56895
56895
56898
56898
56898
56898
56905
56905
56919
56919
56919
56948
56948
56948
56948
56948
56948
56949
56949
56949
56949
56949
56949
56969
56969
56969
56969
56969
56969
56969
56982
56983
56983
56983
56983
56983
56983
56983
56983
56983
56983
56983
56983
56984
56984
56986
56992
56998
57007
57011
57011
57011
57012
57013
57014
57014
57014
57020
57020
57051
57051
57051
57051
57051
57057
57063
57066
57066
57066
57066
57066
57087
57084
57091
57094
57097
57098
57098
57098
57099
57098
57106
57106
57109
57110
57118
57156
57156
57156
57160
57160
57182
57187
57187
57187
57191
57192
57192
57192
57195
57196
57201
57201
57201
57312
57364
57369
57370
57371
57371
57371
57371
57374
57401
57405
57417
57421
57422
57443
57444
57445
57452
57463
57463
57464
57473
57473
57474
57554
57568
57583
57588
57589
57589
57590
57590
57590
57603
57603
57614
57627
57634
57633
57634
57636
57638
57659
57685
57739
57744
57757
57771
57798
57801
57816
57832
57832
57834
57836
57839
57840
57847
57853
57861
57862
57865
57865
57865
57867
57868
57868
57868
57869
57869
57870
57870
57870
57870
57870
57870
57871
57876
57892
57892
57919
57920
57924
57924
57924
57924
57941
57946
57948
57948
57948
57948
57973
57972
57975
57989
58049
58091
58148
58162
58162
58164
58164
58171
58172
58172
58181
58183
58186
58190
58196
58213
58213
58214
58214
58239
58239
58245
58245
58245
58245
58249
58249
58252
58252
58252
58255
58256
58256
58256
58257
58259
58259
58268
58268
58268
58268
58268
58273
58273
58273
58282
58287
58288
58297
58298
58298
58301
58301
58302
58311
58313
58316
58317
58323
58324
58325
58326
58330
58339
58339
58381
58536
58565
58568
58568
58568
58568
58570
58571
58574
58577
58581
58596
58599
58627
58633
58634
58637
58638
58648
58653
58653
58653
58653
58655
58659
58667
58669
58680
58680
58680
58680
58680
58680
58680
58680
58680
58680
58681
58683
58806
58854
58878
58889
58922
58931
58992
58997
59031
59034
59034
59042
59051
59053
59054
59059
59071
59073
59075
59078
59082
59085
59087
59088
59089
59092
59094
59096
59103
59106
59108
59113
59115
59120
59122
