714.574943
714.57302
714.573091
714.548904
714.545828
714.511444
714.511418
714.511456
714.505094
714.483868
714.482705
714.48309
714.483097
714.483103
714.483107
714.483115
714.483132
714.483151
714.483223
714.483232
714.483252
714.471188
714.471191
714.471192
714.468653
714.468624
714.465321
714.463879
714.463892
714.463916
714.463918
714.463937
714.463944
714.46394
714.463935
714.464405
714.464344
714.467875
714.467867
714.467861
714.484661
714.484665
714.484666
714.484666
714.484666
714.484665
714.484753
714.484769
714.484778
714.484804
714.48402
714.484927
714.502751
714.502645
714.502643
714.502616
714.502599
714.502619
714.502599
714.515656
714.517027
714.517037
714.517051
714.517058
714.517065
714.51707
714.517077
714.517082
714.517087
714.517095
714.517105
714.517116
714.518074
714.518086
714.520427
714.526386
714.532627
714.541177
714.545036
714.545035
714.545034
714.546008
714.546927
714.54792
714.54798
714.547982
714.553312
714.553394
714.575238
714.575243
714.575249
714.575233
714.575254
714.577535
714.578831
714.579336
714.579602
714.579605
714.579608
714.579611
714.5803
714.579832
714.578552
714.577871
714.576938
714.576891
714.576833
714.576895
714.576293
714.577135
714.57326
714.572982
714.571479
714.570964
714.56639
714.5339
714.5339
714.533902
714.530209
714.530211
714.509043
714.504464
714.504466
714.50416
714.500246
714.499444
714.499456
714.499462
714.497009
714.496139
714.492077
714.4921
714.492065
714.483162
714.532946
714.538618
714.539345
714.540188
714.540135
714.540176
714.540105
714.543084
714.565998
714.569155
714.574837
714.576486
714.576855
714.581358
714.580391
714.580339
714.580292
714.576768
714.577295
714.576504
714.57245
714.572776
714.572234
714.502914
714.490728
714.479032
714.476164
714.475374
714.475385
714.474794
714.474841
714.474761
714.468394
714.468401
714.465604
714.463713
714.463353
714.463373
714.464356
714.464537
714.46492
714.471422
714.489435
714.542803
714.548526
714.558982
714.567692
714.580641
714.580404
714.579814
714.57508
714.575369
714.574274
714.573324
714.571872
714.571406
714.567644
714.56343
714.557199
714.556602
714.554238
714.553777
714.553786
714.551954
714.55145
714.551175
714.551612
714.550306
714.550389
714.549339
714.549441
714.549425
714.549634
714.549427
714.549905
714.548906
714.543996
714.529081
714.529083
714.502995
714.502273
714.498313
714.498412
714.498593
714.498713
714.484609
714.480617
714.479856
714.479866
714.47918
714.479492
714.467113
714.466658
714.466786
714.464187
714.488478
714.529537
714.575491
714.579792
714.579839
714.58022
714.580257
714.580688
714.581188
714.581365
714.580025
714.579563
714.5793
714.57792
714.575948
714.56662
714.566898
714.566169
714.566274
714.546497
714.546503
714.540748
714.540888
714.540902
714.540662
714.537206
714.537227
714.534308
714.534377
714.533968
714.531403
714.530132
714.530455
714.530489
714.529388
714.527117
714.527124
714.518393
714.518659
714.518675
714.518781
714.518802
714.513597
714.513892
714.513898
714.505378
714.500471
714.499881
714.491955
714.491306
714.491303
714.48878
714.488898
714.487979
714.481273
714.479592
714.477934
714.477407
714.473492
714.473518
714.472979
714.471923
714.470394
714.466366
714.466151
714.468508
714.58073
714.574238
714.573071
714.573104
714.572868
714.572856
714.571751
714.571142
714.569501
714.567685
714.565465
714.553857
714.551161
714.524964
714.519116
714.517839
714.514915
714.514111
714.50452
714.499736
714.499727
714.499717
714.500196
714.497907
714.494865
714.487725
714.486402
714.478371
714.478385
714.478383
714.478379
714.47836
714.478386
714.47842
714.478408
714.478581
714.479043
714.478404
714.477058
714.513632
714.560163
714.575212
714.578923
714.577552
714.573893
714.524777
714.520162
714.489001
714.486574
714.486731
714.481044
714.475517
714.473919
714.473391
714.471258
714.466786
714.46607
714.465601
714.465122
714.464389
714.464406
714.464192
714.464348
714.464285
714.464309
714.464296
714.46461
714.466079
714.466499
714.46728
714.468871
714.470077
714.472366
714.473527
