714.555567
714.556428
714.557277
714.558113
714.558937
714.559747
714.560544
714.561327
714.562098
714.562855
714.563599
714.564329
714.565047
714.565751
714.566442
714.567119
714.567783
714.568433
714.569069
714.569692
714.5703
714.570894
714.571474
714.572038
714.572588
714.573122
714.573641
714.574143
714.574628
714.575095
714.575544
714.575975
714.576387
714.57678
714.577155
714.577511
714.57785
714.57817
714.578473
714.578758
714.579026
714.579276
714.579509
714.579725
714.579924
714.580105
714.58027
714.580417
714.580547
714.58066
714.580756
714.580834
714.580895
714.580938
714.580963
714.580969
714.580956
714.580924
714.580873
714.580802
714.580712
714.580602
714.580473
714.580325
714.580159
714.579976
714.579775
714.579556
714.579321
714.579069
714.578801
714.578516
714.578216
714.577899
714.577567
714.57722
714.576857
714.576479
714.576085
714.575676
714.575251
714.574811
714.574355
714.573883
714.573394
714.57289
714.572369
714.571832
714.571279
714.57071
714.570127
714.569528
714.568916
714.56829
714.567651
714.567
714.566336
714.56566
714.564972
714.564273
714.563563
714.562843
714.562112
714.56137
714.560619
714.559858
714.559087
714.558306
714.557514
714.556713
714.555902
714.55508
714.554248
714.553406
714.552554
714.551692
714.550821
714.549941
714.549052
714.548156
714.547253
714.546342
714.545426
714.544504
714.543577
714.542644
714.541708
714.540767
714.539822
714.538873
714.537922
714.536967
714.536009
714.535049
714.534086
714.53312
714.532152
714.53118
714.530206
714.529228
714.528247
714.527264
714.526278
714.52529
714.524301
714.52331
714.522319
714.521328
714.520337
714.519347
714.518359
714.517373
714.516389
714.515408
714.514431
714.513456
714.512485
714.511518
714.510556
714.509598
714.508644
714.507695
714.506751
714.505811
714.504875
714.503944
714.503017
714.502094
714.501175
714.500261
714.499351
714.498447
714.497549
714.496657
714.495772
714.494894
714.494024
714.493162
714.492309
714.491465
714.49063
714.489805
714.48899
714.488185
714.48739
714.486606
714.485833
714.485071
714.484319
714.483579
714.48285
714.482131
714.481423
714.480725
714.480037
714.479359
714.478691
714.478034
714.477388
714.476753
714.47613
714.475519
714.474921
714.474336
714.473765
714.473208
714.472664
714.472136
714.471621
714.471122
714.470638
714.470169
714.469715
714.469277
714.468855
714.468447
714.468056
714.467679
714.467318
714.466972
714.46664
714.466322
714.466019
714.46573
714.465454
714.465193
714.464947
714.464716
714.464501
714.464302
714.464119
714.463952
714.463803
714.46367
714.463555
714.463457
714.463377
714.463314
714.463269
714.463242
714.463232
714.46324
714.463265
714.463308
714.463368
714.463445
714.463538
714.463648
714.463774
714.463915
714.464071
714.464243
714.464429
714.464631
714.464849
714.465083
714.465333
714.465599
714.465883
714.466183
714.4665
714.466835
714.467186
714.467555
714.46794
714.468343
714.468763
714.469199
714.469652
714.470121
714.470607
714.471108
714.471624
714.472156
714.472702
714.473263
714.473837
714.474424
714.475024
714.475637
714.476263
714.476902
714.477553
714.478218
714.478896
714.479587
714.480292
714.481011
714.481743
714.482488
714.483247
714.484018
714.484803
714.4856
714.486409
714.487231
714.488065
714.48891
714.489765
714.490632
714.491508
714.492394
714.493288
714.494191
714.495102
714.49602
714.496944
714.497876
714.498814
714.499759
714.500711
714.501669
714.502634
714.503606
714.504585
714.50557
714.506562
714.50756
714.508563
714.509573
714.510587
714.511607
714.512631
714.51366
714.514692
714.515728
714.516766
714.517807
714.518849
714.519891
714.520934
714.521976
714.523018
714.524058
714.525096
714.526133
714.527167
714.5282
714.529231
714.530259
714.531286
714.532311
714.533333
714.534353
714.53537
714.536384
714.537395
714.538402
714.539405
714.540404
714.541399
714.542388
714.543372
714.544349
714.54532
714.546284
714.547239
714.548186
714.549123
714.550051
714.550968
714.551875
714.552771
714.553657
714.554532
714.555396
714.55625
714.557093
714.557925
714.558747
714.559557
714.560357
714.561146
714.561923
714.562688
714.563442
714.564183
714.564912
714.565628
714.566331
714.567021
714.567697
714.568358
714.569004
714.569634
714.570248
714.570846
714.571427
714.57199
714.572536
714.573065
714.573577
714.574073
714.574551
714.575013
714.575459
714.575888
714.576301
714.576698
714.577078
714.577443
714.57779
714.578121
714.578436
714.578733
714.579014
714.579278
714.579524
714.579752
714.579963
714.580155
714.580329
714.580484
714.58062
714.580735
714.580831
714.580908
714.580964
714.581002
714.58102
714.58102
714.581002
714.580967
714.580913
714.580842
714.580755
714.58065
714.580528
714.580389
714.580234
714.580061
714.579873
714.579667
714.579445
714.579206
714.57895
714.578677
714.578388
714.578081
714.577756
714.577414
714.577054
714.576677
714.576281
714.575868
714.575438
714.574991
714.574528
714.57405
714.573556
714.573048
714.572526
714.57199
714.57144
714.570877
714.5703
714.569711
714.569108
714.568494
714.567866
714.567226
714.566574
714.56591
714.565233
714.564544
714.563843
714.563129
714.562403
714.561664
714.560913
714.56015
714.559374
714.558586
714.557787
714.556978
714.556159
714.55533
714.554492
714.553647
714.552793
714.551932
714.551064
714.550188
714.549307
714.548418
714.547524
714.546624
714.545717
714.544806
714.543888
714.542966
714.542037
714.541103
714.540164
714.539219
714.538269
714.537313
714.536352
714.535387
714.534416
714.533441
714.532463
714.531481
714.530497
714.529512
714.528525
714.527538
714.52655
714.525563
714.524575
714.523589
714.522604
714.521619
714.520636
714.519655
714.518675
714.517697
714.516722
714.515748
714.514775
714.513805
714.512837
714.51187
714.510906
714.509943
714.508982
714.508024
714.50707
714.506118
714.505171
714.504228
714.503291
714.502359
714.501434
714.500515
714.499604
714.4987
714.497804
714.496915
714.496035
714.495163
714.494299
714.493444
714.492597
714.491759
714.49093
714.490109
714.489297
714.488493
714.487698
714.486911
714.486133
714.485363
714.484601
714.483849
714.483107
714.482375
714.481653
714.480943
714.480244
714.479557
714.478883
714.478222
714.477574
714.476939
714.476318
714.47571
714.475116
714.474536
714.47397
714.473417
714.472879
714.472354
714.471844
714.471347
714.470863
714.470393
714.469936
714.469492
714.469061
714.468644
714.46824
714.467849
714.467473
714.467112
714.466767
714.466437
714.466123
714.465825
714.465544
714.465279
714.465032
714.464801
714.464588
714.464391
714.464212
714.46405
714.463904
714.463776
714.463664
714.46357
714.463491
714.463429
714.463383
714.463352
714.463337
714.463337
714.463352
714.463383
714.463429
714.463491
714.463569
714.463664
714.463776
714.463905
714.464052
714.464216
714.464399
714.464598
714.464816
714.465051
714.465303
714.465573
714.465861
714.466165
714.466487
714.466825
714.46718
714.46755
714.467937
714.468339
714.468757
714.469189
714.469635
714.470095
714.47057
714.471058
714.471561
714.472078
714.47261
714.473157
714.473719
714.474296
714.474889
714.475497
714.47612
714.476759
714.477412
714.47808
714.478762
714.479458
714.480168
714.480892
714.481629
714.482379
714.483141
714.483915
714.4847
714.485497
714.486304
714.487121
714.487948
714.488784
714.489629
714.490483
714.491347
714.492219
714.493102
714.493993
714.494895
714.495806
714.496727
714.497657
714.498595
714.499543
714.500499
714.501463
714.502435
714.503414
714.5044
714.505392
714.50639
714.507393
714.508402
714.509414
714.510431
714.51145
714.512473
714.513497
714.514523
714.515551
714.51658
714.51761
714.518641
714.519673
714.520706
714.521741
714.522777
714.523814
714.524852
714.525891
714.52693
714.527968
714.529007
714.530044
714.53108
714.532113
714.533145
714.534174
714.535199
714.536221
714.537238
714.538249
714.539256
714.540255
714.541248
714.542234
714.543213
714.544183
714.545146
714.546101
714.547048
714.547988
714.548919
714.549843
714.550759
714.551667
714.552567
714.553458
714.554341
714.555214
714.556078
714.556932
714.557776
714.558609
714.559431
714.560242
714.56104
714.561826
714.562598
714.563357
714.564102
714.564832
714.565548
714.566248
714.566933
714.567603
714.568257
714.568896
714.569521
714.57013
714.570725
714.571305
714.57187
714.572421
714.572957
714.573477
714.573983
714.574473
714.574947
714.575406
714.575848
714.576274
714.576683
714.577074
714.577449
714.577805
714.578144
714.578464
714.578764
714.579046
714.579309
714.579552
714.579776
714.579981
714.580167
714.580335
714.580485
714.580618
714.580733
714.58083
714.580911
714.580974
714.58102
714.581049
714.581061
714.581056
714.581033
714.580993
714.580935
714.580859
714.580766
714.580655
714.580526
714.580378
714.580212
714.580027
714.579824
714.579601
714.57936
714.5791
714.578822
714.578526
714.578213
714.577883
714.577537
714.577175
714.576797
714.576404
714.575997
714.575574
714.575136
714.574684
714.574218
714.573736
714.573241
714.572731
714.572206
714.571667
714.571114
714.570547
714.569964
714.569368
714.568757
714.568131
714.567491
714.566836
714.566167
714.565484
714.564788
714.56408
714.563359
714.562627
714.561884
714.56113
714.560367
714.559594
714.558812
714.558021
714.55722
714.556411
714.555593
714.554767
714.553932
714.553089
714.552237
714.551378
714.55051
714.549634
714.548751
714.547859
714.546959
714.546052
714.545136
714.544214
714.543284
714.542347
714.541404
714.540456
714.539503
714.538546
714.537586
714.536623
714.535657
714.534689
714.533719
714.532747
714.531774
714.530799
714.529822
714.528845
714.527867
714.526887
714.525907
714.524926
714.523944
714.522962
714.521979
714.520995
714.520011
714.519026
714.518042
714.517057
714.516073
714.515091
714.51411
714.513131
714.512155
714.511183
714.510216
714.509253
714.508295
714.507342
714.506395
714.505454
714.504518
714.503588
714.502664
714.501746
714.500834
714.499928
714.499029
714.498136
714.497249
714.496369
714.495494
714.494627
714.493765
714.492911
714.492063
714.491222
714.49039
714.489565
714.488749
714.487943
714.487146
714.48636
714.485585
714.484822
714.48407
714.483329
714.4826
714.481884
714.481179
714.480486
714.479805
714.479137
714.47848
714.477835
714.477203
714.476582
714.475974
714.475377
714.474792
714.474219
714.473658
714.473108
714.472572
714.472048
714.471537
714.47104
714.470556
714.470088
714.469635
714.469197
714.468775
714.468369
714.467979
714.467605
714.467247
714.466906
714.46658
714.466271
714.465978
714.4657
714.465439
714.465193
714.464963
714.464748
714.464549
714.464365
714.464195
714.464041
714.463902
714.463778
714.463669
714.463576
714.463499
714.463439
714.463396
714.46337
714.463361
714.463371
714.463398
714.463443
714.463506
714.463587
714.463686
714.463802
714.463936
714.464087
714.464255
714.46444
714.464641
714.46486
714.465094
714.465344
714.46561
714.465891
714.466187
714.466499
714.466825
714.467166
714.467523
714.467895
714.468283
714.468687
714.469108
714.469545
714.469999
714.47047
714.470957
714.47146
714.47198
714.472516
714.473068
714.473635
714.474217
714.474815
714.475427
714.476053
714.476692
714.477346
714.478013
714.478692
714.479384
714.480087
714.480803
714.48153
714.482267
714.483017
714.483777
714.48455
714.485334
714.48613
714.486938
714.487759
714.488591
714.489436
714.490292
714.491159
714.492036
714.492925
714.493823
714.494731
714.495649
714.496575
714.497509
714.498452
714.499402
714.500358
714.501322
714.502291
714.503266
714.504246
714.50523
714.506219
714.507212
714.508209
714.50921
714.510216
714.511226
714.512241
714.51326
714.514284
714.515312
714.516343
714.517378
714.518416
714.519456
714.520498
714.521542
714.522587
714.523632
714.524677
714.525722
714.526766
714.527808
714.528848
714.529885
714.530919
714.53195
714.532977
714.533999
714.535017
714.53603
714.537038
714.538041
714.539039
714.540033
714.541023
714.542007
714.542987
714.543962
714.544932
714.545895
714.546852
714.547802
714.548745
714.54968
714.550607
714.551525
714.552433
714.553332
714.554221
714.555099
714.555966
714.556821
714.557664
714.558495
714.559313
714.560118
714.560911
714.56169
714.562456
714.563209
714.563949
714.564677
714.565392
714.566095
714.566785
714.567462
714.568127
714.568777
714.569414
714.570036
714.570644
714.571237
714.571814
714.572376
714.572921
714.57345
714.573963
714.574458
714.574935
714.575395
714.575837
714.576261
714.576666
714.577053
714.577422
714.577773
714.578107
714.578422
714.578721
714.579003
714.579268
714.579517
714.579749
714.579964
714.580162
714.580343
714.580507
714.580653
714.580782
714.580892
714.580985
714.581059
714.581114
714.581151
714.581169
714.581168
714.581148
714.581108
714.581049
714.580971
714.580873
714.580757
714.580622
714.58047
714.580299
714.580112
714.579907
714.579687
714.579449
714.579196
714.578927
714.578643
714.578342
714.578025
714.577692
714.577344
714.576979
714.576598
714.5762
714.575787
714.575357
714.574911
714.574449
714.57397
714.573475
714.572964
714.572436
714.571893
714.571334
714.57076
714.570172
714.569569
714.568954
714.568325
714.567685
714.567032
714.566368
714.565693
714.565006
714.564308
714.563599
714.562879
714.562148
714.561406
714.560654
714.55989
714.559116
714.558331
714.557536
714.55673
714.555914
714.555087
714.55425
714.553403
714.552546
714.55168
714.550804
714.549921
714.549029
714.548131
714.547226
714.546315
714.5454
714.544479
714.543553
714.542624
714.541689
714.540751
714.539809
714.538862
714.537912
714.536958
714.536
714.535039
714.534074
714.533105
714.532134
714.531159
714.530181
714.5292
714.528216
714.52723
714.526242
714.525251
714.52426
714.523268
714.522275
714.521284
714.520294
714.519307
714.518321
714.517339
714.516359
714.515382
714.514409
714.513439
714.512472
714.511508
714.510548
714.509592
714.508639
714.50769
714.506745
714.505804
714.504867
714.503934
714.503005
714.50208
714.50116
714.500245
714.499335
714.498431
714.497532
714.496641
714.495757
714.494881
714.494014
714.493156
714.492307
714.491468
714.490639
714.48982
714.489011
714.488211
714.487422
714.486643
714.485873
714.485114
714.484364
714.483625
714.482895
714.482176
714.481467
714.480768
714.48008
714.479402
714.478735
714.478078
714.477433
714.4768
714.476179
714.47557
714.474975
714.474394
714.473827
714.473275
714.472738
714.472216
714.471709
714.471217
714.470739
714.470277
714.469829
714.469396
714.468977
714.468573
714.468184
714.467809
714.467448
714.467102
714.46677
714.466453
714.46615
714.465861
714.465587
714.465328
714.465084
714.464856
714.464644
714.464448
714.464269
714.464108
714.463964
714.463838
714.46373
714.463639
714.463567
714.463511
714.463473
714.463453
714.463449
714.463461
714.463491
714.463537
714.463599
714.463678
714.463772
714.463882
714.464008
714.464149
714.464306
714.464479
714.464667
714.464871
714.465092
714.465329
714.465583
714.465853
714.466142
714.466448
714.466771
714.467112
714.467471
714.467847
714.46824
714.468649
714.469075
714.469518
714.469976
714.470449
714.470938
714.471441
714.47196
714.472492
714.473039
714.473599
714.474174
714.474761
714.475361
714.475975
714.476602
714.477242
714.477896
714.478564
714.479245
714.479941
714.480651
714.481374
714.482112
714.482864
714.483629
714.484407
714.485197
714.486
714.486815
714.487641
714.488478
714.489325
714.490183
714.49105
714.491926
714.492811
714.493705
714.494607
714.495516
714.496433
714.497357
714.498289
714.499227
714.500172
714.501125
714.502085
714.503053
714.504028
714.50501
714.506
714.506996
714.507999
714.509007
714.510021
714.51104
714.512063
714.51309
714.51412
714.515154
714.516189
714.517226
714.518265
714.519304
714.520344
714.521384
714.522424
714.523463
714.5245
714.525536
714.526571
714.527603
714.528635
714.529665
714.530693
714.53172
714.532746
714.533771
714.534793
714.535813
714.53683
714.537843
714.538853
714.539858
714.540858
714.541852
714.54284
714.543822
714.544796
714.545763
714.546722
714.547673
714.548614
714.549547
714.550469
714.551382
714.552285
714.553177
714.554059
714.554931
714.555792
714.556643
714.557484
714.558315
714.559136
714.559947
714.560747
714.561537
714.562315
714.563081
714.563834
714.564575
714.565303
714.566016
714.566716
714.567401
714.568071
714.568726
714.569365
714.569989
714.570596
714.571187
714.571761
714.572318
714.572859
714.573383
714.57389
714.574381
714.574855
714.575314
714.575757
714.576184
714.576595
714.576991
714.577371
714.577735
714.578082
714.578413
714.578726
714.579021
714.579299
714.579559
714.5798
714.580023
714.580227
714.580412
714.580578
714.580725
714.580853
714.580961
714.58105
714.58112
714.581171
714.581204
714.581218
714.581213
714.581191
714.581152
714.581096
714.581023
714.580934
714.580828
714.580706
714.580567
714.580411
714.580238
714.580047
714.579839
714.579614
714.579371
714.57911
714.578831
714.578535
714.578221
714.577889
714.57754
714.577172
714.576788
714.576386
714.575968
714.575533
714.575082
714.574615
714.574134
714.573638
714.573128
714.572604
714.572067
714.571517
714.570954
714.570378
714.569788
714.569186
714.568571
714.567942
714.567301
714.566646
714.565978
714.565297
714.564603
714.563896
714.563176
714.562444
714.561699
714.560942
714.560173
714.559393
714.558601
714.557799
714.556987
714.556166
714.555336
714.554498
714.553652
714.552799
714.551939
714.551072
714.550199
714.549319
714.548432
714.547539
714.546639
714.545733
714.54482
714.543901
714.542975
714.542044
714.541106
714.540163
714.539213
714.538259
714.537299
714.536335
714.535365
714.534392
714.533415
714.532435
714.531453
714.53047
714.529485
714.5285
714.527515
714.52653
714.525546
714.524562
714.523579
714.522597
714.521616
714.520635
714.519655
714.518677
714.517699
714.516722
714.515746
714.514772
714.5138
714.512829
714.51186
714.510893
714.509928
714.508966
714.508007
714.507052
714.5061
714.505154
714.504212
714.503277
714.502348
714.501427
714.500513
714.499606
714.498707
714.497816
714.496933
714.496057
714.495189
714.494329
714.493476
714.492631
714.491794
714.490965
714.490144
714.489331
714.488527
714.48773
714.486942
714.486163
714.485393
714.484633
714.483882
714.483141
714.48241
714.481691
714.480984
714.480289
714.479607
714.478938
714.478283
714.477642
714.477013
714.476399
714.475797
714.475209
714.474634
714.474072
714.473523
714.472987
714.472464
714.471954
714.471458
714.470974
714.470504
714.470047
714.469603
714.469173
714.468757
714.468355
714.467967
714.467594
714.467236
714.466894
714.466569
714.46626
714.465968
714.465693
714.465436
714.465196
714.464973
714.464767
714.464577
714.464404
714.464247
714.464106
714.463981
714.463872
714.463779
714.463702
714.46364
714.463594
714.463564
714.463549
714.46355
714.463567
714.4636
714.463649
714.463714
714.463796
714.463896
714.464012
714.464146
714.464299
714.46447
714.464659
714.464866
714.465091
714.465333
714.465593
714.46587
714.466163
714.466472
714.466797
714.467139
714.467495
714.467867
714.468255
714.468657
714.469074
714.469506
714.469953
714.470414
714.47089
714.471381
714.471886
714.472407
714.472943
714.473494
714.47406
714.474643
714.475241
714.475855
714.476485
714.47713
714.47779
714.478464
714.479152
714.479854
714.480568
714.481296
714.482035
714.482786
714.483549
714.484323
714.485108
714.485904
714.48671
714.487526
714.488352
714.489188
714.490034
714.490889
714.491755
714.49263
714.493515
714.494411
714.495316
714.496231
714.497156
714.498091
714.499035
714.499988
714.500949
714.501917
714.502893
714.503875
714.504863
714.505856
714.506855
714.507858
714.508865
714.509875
714.510889
714.511906
714.512926
714.513948
714.514972
714.515998
714.517026
714.518055
714.519087
714.52012
714.521155
714.522191
714.52323
714.52427
714.525311
714.526353
714.527395
714.528436
714.529477
714.530516
714.531553
714.532588
714.533619
714.534646
714.535669
714.536687
714.5377
714.538708
714.539709
714.540705
714.541693
714.542675
714.54365
714.544617
714.545577
714.54653
714.547475
714.548414
714.549345
714.550269
714.551185
714.552095
714.552996
714.553889
714.554772
714.555647
714.556511
714.557364
714.558207
714.559037
714.559856
714.560662
714.561456
714.562236
714.563002
714.563755
714.564493
714.565217
714.565927
714.566622
714.567302
714.567967
714.568617
714.569253
714.569874
714.570481
714.571073
714.571652
714.572217
714.572767
714.573303
714.573824
714.574329
714.574818
714.575291
714.575747
714.576186
714.576608
714.577011
714.577397
714.577765
714.578114
714.578445
714.578757
714.57905
714.579325
714.579581
714.579818
714.580037
714.580237
714.580419
714.580583
714.580729
714.580859
714.580971
714.581067
714.581146
714.581209
714.581255
714.581283
714.581294
714.581287
714.581262
714.581219
714.581157
714.581076
714.580977
714.580859
714.580723
714.580567
714.580393
714.580201
714.57999
714.579761
714.579513
714.579248
714.578965
714.578665
714.578348
714.578015
714.577666
714.577302
714.576922
714.576529
714.57612
714.575697
714.57526
714.574807
714.57434
714.573858
714.57336
714.572847
714.572319
714.571775
714.571217
714.570643
714.570054
714.569451
714.568833
714.5682
714.567554
714.566893
714.56622
714.565533
714.564834
714.564123
714.5634
714.562666
714.561922
714.561168
714.560405
714.559632
714.558851
714.55806
714.557261
714.556453
714.555635
714.554809
714.553973
714.553127
714.552273
714.55141
714.550538
714.549657
714.548768
714.547871
714.546966
714.546054
714.545134
714.544207
714.543275
714.542336
714.541392
714.540444
714.539491
714.538535
714.537576
714.536614
714.53565
714.534684
714.533717
714.532747
714.531777
714.530804
714.529829
714.528853
714.527874
714.526894
714.525912
714.524928
714.523944
714.522958
714.521971
714.520984
714.519997
714.51901
714.518023
714.517037
714.516053
714.51507
714.51409
714.513113
714.51214
714.511171
714.510207
714.509248
714.508294
714.507346
714.506403
714.505465
714.504533
714.503607
714.502685
714.501769
714.500859
714.499953
714.499053
714.498159
714.497271
714.496389
714.495513
714.494643
714.493781
714.492926
714.492078
714.491238
714.490407
714.489584
714.488772
714.487969
714.487177
714.486396
714.485626
714.484868
714.484122
714.483388
714.482665
714.481954
714.481254
714.480565
714.479888
714.479222
714.478567
714.477924
714.477292
714.476671
714.476062
714.475465
714.47488
714.474307
714.473746
714.473198
714.472663
714.472142
714.471634
714.471141
714.470662
714.470198
714.469751
714.469319
714.468904
714.468505
714.468122
714.467755
714.467405
714.467069
714.46675
714.466445
714.466156
714.465881
714.465622
714.465377
714.465148
714.464934
714.464734
714.46455
714.464382
714.464229
714.464091
714.463969
714.463864
714.463775
714.463702
714.463646
714.463608
714.463588
714.463585
714.463602
714.463636
714.463689
714.46376
714.463848
714.463954
714.464076
714.464215
714.464371
714.464542
714.46473
714.464933
714.465152
714.465387
714.465637
714.465903
714.466185
714.466482
714.466794
714.467123
714.467467
714.467827
714.468203
714.468595
714.469004
714.46943
714.469873
714.470333
714.47081
714.471304
714.471814
714.472341
714.472884
714.473442
714.474014
714.474601
714.475201
714.475815
714.476443
714.477083
714.477737
714.478403
714.479081
714.479772
714.480475
714.481191
714.481918
714.482657
714.483409
714.484173
714.484949
714.485737
714.486537
714.48735
714.488175
714.489012
714.489862
714.490723
714.491596
714.492479
714.493372
714.494275
714.495187
714.496106
714.497034
714.497969
714.49891
714.499859
714.500814
714.501775
714.502742
714.503715
714.504693
714.505676
714.506664
714.507657
714.508656
714.509659
714.510667
714.51168
714.512697
714.513719
714.514746
714.515777
714.516812
714.517851
714.518892
714.519935
714.52098
714.522026
714.523071
714.524117
714.525161
714.526203
714.527244
714.528283
714.529319
714.530352
714.531382
714.532409
714.533432
714.534452
714.535467
714.536478
714.537486
714.538489
714.539488
714.540483
714.541474
714.54246
714.543441
714.544418
714.545389
714.546354
714.547312
714.548263
714.549205
714.550139
714.551064
714.551979
714.552884
714.553779
714.554662
714.555534
714.556395
714.557244
714.558082
714.558907
714.55972
714.560521
714.561309
714.562085
714.562849
714.5636
714.56434
714.565067
714.565782
714.566485
714.567175
714.567853
714.568517
714.569167
714.569803
714.570423
714.571029
714.571618
714.572191
714.572748
714.573287
714.57381
714.574315
714.574803
714.575273
714.575725
714.57616
714.576578
714.576977
714.577359
714.577724
714.578071
714.578401
714.578714
714.579011
714.579291
714.579556
714.579803
714.580035
714.580249
714.580446
714.580626
714.580788
714.580931
714.581056
714.581162
714.581248
714.581316
714.581365
714.581394
714.581404
714.581395
714.581367
714.58132
714.581254
714.581169
714.581067
714.580946
714.580807
714.580651
714.580477
714.580287
714.580081
714.579858
714.57962
714.579366
714.579097
714.578812
714.57851
714.578192
714.577857
714.577505
714.577137
714.576751
714.576348
714.575928
714.575491
714.575038
714.574568
714.574082
714.57358
714.573062
714.572529
714.57198
714.571418
714.57084
714.570249
714.569645
714.569028
714.568398
714.567757
714.567103
714.566439
714.565764
714.565078
714.564381
714.563672
714.562951
714.562219
714.561475
714.560719
714.559952
714.559173
714.558383
714.557581
714.556769
714.555947
714.555114
714.554272
714.55342
714.552559
714.55169
714.550813
714.549928
714.549036
714.548138
714.547233
714.546324
714.545409
714.544489
714.543565
714.542637
714.541705
714.540769
714.539828
714.538882
714.537932
714.536977
714.536017
714.535053
714.534084
714.533112
714.532136
714.531157
714.530175
714.52919
714.528203
714.527214
714.526224
714.525233
714.524242
714.523251
714.522261
714.521272
714.520285
714.5193
714.518318
714.517338
714.516362
714.515389
714.514419
714.513452
714.512488
714.511526
714.510568
714.509611
714.508658
714.507708
714.50676
714.505817
714.504877
714.503941
714.50301
714.502083
714.501162
714.500247
714.499337
714.498435
714.497539
714.496651
714.495771
714.494899
714.494037
714.493184
714.49234
714.491506
714.490682
714.489868
714.489064
714.488268
714.487483
714.486706
714.485939
714.48518
714.484431
714.483691
714.482961
714.482241
714.481531
714.480831
714.480142
714.479464
714.478798
714.478143
714.4775
714.47687
714.476253
714.47565
714.47506
714.474485
714.473925
714.473379
714.472848
714.472333
714.471832
714.471345
714.470874
714.470416
714.469972
714.469542
714.469126
714.468724
714.468335
714.467961
714.4676
714.467254
714.466922
714.466605
714.466302
714.466015
714.465743
714.465487
714.465247
714.465024
714.464817
714.464627
714.464455
714.4643
714.464163
714.464045
714.463944
714.46386
714.463794
714.463745
714.463713
714.463697
714.463697
714.463713
714.463744
714.463792
714.463855
714.463933
714.464028
714.464138
714.464264
714.464406
714.464565
714.46474
714.464931
714.465139
714.465364
714.465606
714.465865
714.466142
714.466437
714.46675
714.46708
714.467429
714.467794
714.468177
714.468577
714.468992
714.469423
714.469869
714.47033
714.470805
714.471295
714.471799
714.472317
714.47285
714.473396
714.473956
714.47453
714.475118
714.47572
714.476336
714.476966
714.47761
714.478268
714.47894
714.479627
714.480328
714.481043
714.481773
714.482517
714.483274
714.484045
714.484829
714.485625
714.486432
714.48725
714.488078
714.488916
714.489764
714.490621
714.491487
714.492361
714.493245
714.494137
714.495037
714.495945
714.496862
714.497787
714.498719
714.49966
714.500608
714.501564
714.502528
714.503499
714.504478
714.505465
714.506458
714.507459
714.508466
714.509478
714.510496
714.511518
714.512543
714.513571
714.514601
714.515633
714.516667
714.517701
714.518737
714.519772
714.520809
714.521845
714.522881
714.523918
714.524953
714.525988
714.527023
714.528056
714.529089
714.530121
714.531152
714.532181
714.533209
714.534235
714.53526
714.536282
714.5373
714.538315
714.539326
714.540332
714.541331
714.542324
714.543309
714.544287
714.545257
714.546219
714.547172
714.548117
714.549053
714.54998
714.550898
714.551807
714.552706
714.553596
714.554476
714.555347
