33.6976993
33.6972039
9999933.0834459
33.6965793
33.6964711
33.6965935
33.6965624
33.6966508
33.6966516
33.6966526
33.6966534
33.6968135
33.6968333
33.6968832
33.6969011
33.6974627
33.6973954
33.6977546
33.6977722
33.6978532
33.6992507
33.6996927
33.7000148
33.700037
33.7000944
33.7001664
33.7001663
33.7002477
33.7002609
33.7002714
33.7003276
33.7003328
33.7004086
33.7004123
33.7006872
33.7006993
33.7007125
33.7007261
33.7014187
33.7017227
33.7018149
33.701815
33.702492
33.7025838
33.7026584
33.7026796
33.7029507
33.7030345
33.7031462
33.7036115
33.7048892
33.7097821
33.7101512
33.7104672
33.7105346
33.7105336
33.710595
33.7106247
33.7108041
33.7108313
33.7109015
33.710919
33.7109266
33.7109056
33.7109468
33.7109115
33.7109388
33.7109598
33.7109579
33.7109205
33.7109618
33.7109971
33.7109506
33.7109748
33.7109985
33.7110274
33.7109805
33.7110247
33.7109797
33.7110501
33.7110652
33.7110566
33.7110534
33.7110268
33.7110907
33.7110238
33.7110348
33.7110648
33.7110197
33.711032
33.7110574
33.7110964
33.7110252
33.7110952
33.7110203
33.7109132
33.7101977
33.7101986
33.7101996
33.7102008
33.7100926
33.7100237
33.7102427
33.7102426
33.7120735
33.7121243
33.7121922
33.7122608
33.7124005
33.7126156
33.7128374
33.7129127
33.7131628
33.7131443
33.7136287
33.7139712
33.7166594
33.716626
33.7170032
33.7170038
33.7173089
33.7173119
33.7173154
33.7173189
33.7173226
33.7173263
33.7177017
33.7177554
33.7177816
33.7177765
33.7177807
33.7180494
33.7180579
33.718157
33.7203818
33.7203946
33.7204226
33.7206363
33.7207323
33.7207627
33.7208349
33.7209041
33.7208554
33.7209802
33.7209395
33.7210859
33.7211566
33.721231
33.7215527
33.7216111
33.7218969
33.7219435
33.7220107
33.722032
33.7219828
33.7220158
33.7220092
33.7220733
33.7220927
33.7220866
33.7222018
33.7223619
33.7224594
33.7224692
33.7224492
33.7225134
33.7224928
33.722532
33.7225497
33.7226088
33.722663
33.7227264
33.7228868
33.7228568
33.7229376
33.7229618
33.7229573
33.723001
33.7230111
33.7231721
33.7232241
33.7232151
33.7232744
33.7232969
33.7232576
33.7233204
33.7233421
33.7233407
33.7232977
33.7233078
33.7233583
33.7234563
33.7234586
33.7236999
33.7237181
33.7237382
33.7237377
33.7237392
33.7238174
33.7238039
33.7238511
33.7238959
33.7240411
33.724189
33.7242086
33.7242454
33.724194
33.7243836
33.724361
33.7243489
33.7244102
33.7243434
33.7243402
33.7243526
33.7243279
33.7243668
33.7243173
33.7243119
33.724332
33.7243527
33.7243722
33.7242837
33.7243028
33.7242008
33.7241553
33.7236132
33.7236209
33.7236327
33.7236328
33.723522
33.7234706
33.7234257
33.7234749
33.723408
33.7234002
33.7233458
33.7233299
33.7233132
33.7232965
33.72328
33.7232401
33.7232291
33.7232103
33.7232003
33.7231892
33.7231178
33.7230513
33.7230977
33.7230861
33.7230325
33.7230903
33.7230991
33.7231273
33.7231282
33.7234324
33.7235169
33.7235549
33.7235806
33.7236216
33.7242593
33.7243518
33.7243662
33.7247223
33.7306181
33.7314663
33.7314674
33.7315842
33.731855
33.7323161
33.7326786
33.7327164
33.7327846
33.733057
33.7335795
33.7336682
33.733801
33.7344721
33.7357077
33.7358334
33.7358968
33.7367575
33.7373096
33.7375721
33.7375723
33.7376099
33.7375717
33.7376373
33.7375854
33.7376118
33.7376583
33.7376399
33.737701
33.7377051
33.737652
33.7376523
33.7376524
33.7376586
33.7376978
33.7377353
33.7377457
33.7377402
33.7377098
33.7377101
33.7376868
33.737687
33.7376872
33.7376901
33.737751
33.7377097
33.7377453
33.7377681
33.7376974
33.7377095
33.7377155
33.7376908
33.7377137
33.7376739
33.7365528
33.7365826
33.7365861
33.7365524
33.7365401
33.736572
33.7365478
33.7365954
33.7365472
33.7364566
33.7368749
33.7370349
33.7371797
33.7371889
33.7371907
33.7371446
33.7371427
33.7372372
33.7372429
33.7372234
33.7372265
33.7372636
33.7372666
33.7373908
33.7373942
33.7427829
33.7505399
33.7505778
33.7506266
33.7510082
33.751036
33.7509426
33.7500725
33.7500923
33.7500297
33.7615699
33.7627028
33.7634939
33.7637292
33.7638077
33.7638089
33.7642789
33.7643644
33.7644103
33.7644193
33.7642627
33.7636818
33.7636805
33.7636789
33.7634495
33.7633325
33.763289
33.7631536
33.7630878
33.7631024
33.7632031
33.7632413
33.7633955
33.7635519
33.763776
33.7644118
33.7647858
33.7652039
33.767368
33.7673733
33.768071
33.7686172
33.7694606
33.770031
33.7741528
33.7746259
33.7768163
33.7768287
33.777006
33.7769346
33.7769349
33.7770103
33.7770136
33.7770174
33.7770199
33.7770251
33.7772029
33.7776644
33.7767994
33.7768028
33.7767039
33.7766149
33.7766229
33.7765758
33.7764672
33.7765433
33.7767422
33.7768142
33.777144
33.7773323
