56778
56814
56847
56853
56866
56895
56897
56898
56898
56898
56898
56906
56906
56908
56911
56924
56924
56932
56932
56932
56956
56962
56966
56966
56966
56967
56967
56968
56969
56969
56969
56969
56970
56970
56974
56974
56974
56974
56982
56985
56986
56986
56994
56995
56995
56996
56998
56999
57000
57005
57019
57081
57091
57098
57100
57100
57102
57103
57109
57111
57115
57115
57118
57118
57118
57119
57119
57119
57118
57119
57120
57121
57122
57122
57123
57123
57124
57124
57125
57126
57126
57127
57128
57130
57131
57132
57132
57132
57133
57133
57133
57134
57136
57137
57138
57155
57199
57199
57199
57199
57202
57267
57277
57277
57314
57314
57315
57316
57319
57322
57325
57326
57329
57328
57335
57339
57368
57367
57371
57371
57374
57374
57374
57374
57374
57374
57378
57379
57379
57379
57379
57382
57382
57383
57408
57408
57408
57410
57412
57412
57413
57414
57414
57415
57415
57416
57417
57418
57422
57423
57427
57428
57429
57429
57428
57429
57429
57430
57430
57430
57432
57434
57436
57436
57435
57436
57436
57437
57437
57438
57439
57440
57443
57442
57444
57444
57445
57445
57446
57448
57449
57450
57451
57451
57451
57451
57452
57452
57452
57452
57453
57455
57455
57462
57462
57463
57463
57463
57464
57465
57466
57467
57472
57480
57480
57480
57481
57501
57503
57505
57506
57507
57508
57508
57511
57511
57512
57513
57513
57513
57513
57520
57520
57526
57527
57559
57559
57559
57559
57563
57566
57568
57568
57569
57570
57573
57574
57575
57576
57577
57580
57581
57582
57583
57584
57595
57597
57597
57603
57609
57615
57616
57619
57620
57636
57639
57640
57641
57642
57658
57660
57660
57667
57739
57748
57748
57749
57752
57757
57761
57762
57762
57771
57771
57772
57774
57782
57800
57802
57803
57820
57834
57849
57849
57849
57849
57849
57850
57852
57853
57854
57853
57854
57856
57856
57856
57857
57859
57858
57859
57860
57861
57861
57862
57862
57862
57863
57865
57866
57869
57868
57869
57869
57870
57870
57871
57874
57946
57946
57946
57946
57947
57947
57948
57948
57952
57954
58006
58011
58013
58013
58013
58014
58014
58015
58015
58016
58016
58044
58044
58044
58044
58092
58197
58196
58200
58221
58221
58254
58302
58302
58303
58518
58535
58549
58557
58557
58557
58578
58585
58592
58599
58620
58654
58654
58654
58665
58672
58679
58687
58700
58707
58715
58721
58729
58735
58742
58757
58764
58771
58799
58799
58807
58813
58822
58828
58873
58879
58915
58915
58918
58918
58918
58918
58918
58918
58918
58919
58923
58945
59035
59035
59042
59044
59048
59052
59063
59081
59093
59096
59107
59112
