33.6918383
33.6919323
33.692026
33.6921192
33.6922121
33.6923045
33.6923964
33.6924879
33.6925789
33.6926694
33.6927594
33.6928489
33.6929379
33.6930265
33.6931145
33.693202
33.693289
33.6933754
33.6934614
33.6935467
33.6936315
33.6937158
33.6937995
33.6938826
33.693965
33.6940469
33.694128
33.6942085
33.6942883
33.6943673
33.6944455
33.6945228
33.6945993
33.6946749
33.6947495
33.6948233
33.6948962
33.6949683
33.6950394
33.6951097
33.695179
33.6952475
33.6953152
33.6953819
33.6954478
33.6955128
33.695577
33.6956402
33.6957026
33.6957641
33.6958248
33.6958845
33.6959433
33.6960012
33.6960581
33.6961141
33.696169
33.696223
33.6962758
33.6963276
33.6963783
33.6964279
33.6964764
33.6965239
33.6965702
33.6966155
33.6966598
33.696703
33.6967453
33.6967865
33.6968267
33.696866
33.6969043
33.6969416
33.6969779
33.6970133
33.6970478
33.6970813
33.6971139
33.6971455
33.6971762
33.6972059
33.6972346
33.6972624
33.6972891
33.6973148
33.6973395
33.697363
33.6973856
33.6974071
33.6974276
33.697447
33.6974655
33.697483
33.6974996
33.6975152
33.69753
33.6975439
33.6975569
33.6975691
33.6975804
33.6975909
33.6976006
33.6976096
33.6976177
33.6976252
33.6976318
33.6976377
33.6976428
33.6976471
33.6976507
33.6976534
33.6976554
33.6976565
33.6976569
33.6976564
33.6976551
33.6976531
33.6976503
33.6976467
33.6976425
33.6976376
33.697632
33.6976258
33.697619
33.6976117
33.6976038
33.6975953
33.6975864
33.697577
33.697567
33.6975567
33.6975459
33.6975347
33.697523
33.6975109
33.6974984
33.6974855
33.6974721
33.6974583
33.697444
33.6974292
33.697414
33.6973984
33.6973823
33.6973659
33.6973491
33.697332
33.6973145
33.6972968
33.6972788
33.6972607
33.6972423
33.6972238
33.6972051
33.6971863
33.6971673
33.6971484
33.6971293
33.6971102
33.6970911
33.6970719
33.6970527
33.6970335
33.6970143
33.6969951
33.6969758
33.6969564
33.696937
33.6969175
33.6968981
33.6968786
33.6968591
33.6968396
33.6968203
33.696801
33.6967818
33.6967629
33.696744
33.6967254
33.6967071
33.696689
33.6966711
33.6966536
33.6966364
33.6966195
33.6966029
33.6965867
33.6965709
33.6965555
33.6965405
33.6965259
33.6965116
33.6964977
33.6964841
33.6964709
33.696458
33.6964454
33.6964332
33.6964215
33.6964101
33.6963991
33.6963887
33.6963787
33.6963693
33.6963604
33.6963521
33.6963444
33.6963373
33.6963308
33.696325
33.6963199
33.6963154
33.6963117
33.6963087
33.6963063
33.6963047
33.6963039
33.6963037
33.6963043
33.6963056
33.6963075
33.6963102
33.6963134
33.6963174
33.696322
33.6963273
33.6963333
33.6963401
33.6963476
33.6963559
33.696365
33.696375
33.6963858
33.6963975
33.69641
33.6964235
33.6964379
33.6964532
33.6964694
33.6964866
33.6965048
33.6965239
33.6965439
33.696565
33.6965869
33.6966098
33.6966337
33.6966584
33.696684
33.6967105
33.6967379
33.6967661
33.6967952
33.6968251
33.696856
33.6968877
33.6969204
33.6969541
33.6969887
33.6970243
33.6970609
33.6970985
33.6971372
33.6971769
33.6972176
33.6972593
33.6973021
33.697346
33.6973908
33.6974367
33.6974836
33.6975316
33.6975805
33.6976304
33.6976812
33.697733
33.6977857
33.6978392
33.6978937
33.697949
33.6980051
33.6980621
33.69812
33.6981788
33.6982386
33.6982992
33.6983608
33.6984233
33.6984867
33.6985511
33.6986164
33.6986827
33.6987499
33.6988181
33.6988871
33.6989571
33.699028
33.6990997
33.6991724
33.6992458
33.6993201
33.6993952
33.699471
33.6995475
33.6996247
33.6997026
33.6997811
33.6998603
33.6999401
33.7000206
33.7001017
33.7001834
33.7002658
33.7003489
33.7004326
33.700517
33.700602
33.7006877
33.700774
33.7008609
33.7009484
33.7010365
33.7011252
33.7012145
33.7013043
33.7013946
33.7014854
33.7015766
33.7016682
33.7017602
33.7018526
33.7019452
33.7020381
33.7021313
33.7022247
33.7023183
33.7024121
33.7025061
33.7026003
33.7026947
33.7027894
33.7028842
33.7029792
33.7030744
33.7031698
33.7032654
33.703361
33.7034568
33.7035528
33.7036488
33.7037448
33.703841
33.7039371
33.7040333
33.7041293
33.7042254
33.7043212
33.7044169
33.7045124
33.7046077
33.7047026
33.7047973
33.7048917
33.7049858
33.7050796
33.705173
33.7052662
33.705359
33.7054515
33.7055436
33.7056355
33.705727
33.7058181
33.7059089
33.7059992
33.7060892
33.7061787
33.7062679
33.7063565
33.7064447
33.7065324
33.7066195
33.7067061
33.7067921
33.7068774
33.7069621
33.707046
33.7071292
33.7072116
33.7072932
33.7073741
33.7074542
33.7075335
33.7076121
33.7076899
33.7077669
33.7078432
33.7079188
33.7079935
33.7080675
33.7081408
33.7082132
33.7082849
33.7083557
33.7084258
33.708495
33.7085634
33.7086309
33.7086976
33.7087633
33.7088282
33.708892
33.7089549
33.7090168
33.7090776
33.7091374
33.7091961
33.7092538
33.7093104
33.709366
33.7094206
33.7094742
33.7095268
33.7095784
33.709629
33.7096787
33.7097274
33.7097751
33.7098219
33.7098678
33.7099127
33.7099566
33.7099995
33.7100415
33.7100826
33.7101226
33.7101616
33.7101997
33.7102367
33.7102726
33.7103075
33.7103413
33.710374
33.7104056
33.7104361
33.7104655
33.7104939
33.7105212
33.7105476
33.7105729
33.7105973
33.7106208
33.7106433
33.710665
33.7106857
33.7107055
33.7107245
33.7107425
33.7107597
33.7107761
33.7107915
33.7108062
33.7108199
33.7108328
33.7108448
33.710856
33.7108662
33.7108756
33.710884
33.7108915
33.7108981
33.7109038
33.7109086
33.7109126
33.7109157
33.710918
33.7109195
33.7109203
33.7109204
33.7109198
33.7109186
33.7109166
33.7109141
33.7109109
33.7109071
33.7109027
33.7108977
33.7108922
33.7108861
33.7108794
33.7108721
33.7108643
33.7108559
33.7108469
33.7108374
33.7108272
33.7108165
33.7108052
33.7107933
33.7107809
33.7107679
33.7107544
33.7107405
33.7107262
33.7107114
33.7106963
33.7106808
33.7106651
33.710649
33.7106327
33.7106161
33.7105993
33.7105823
33.710565
33.7105476
33.7105299
33.7105121
33.7104941
33.710476
33.7104576
33.7104391
33.7104204
33.7104015
33.7103824
33.7103631
33.7103437
33.7103241
33.7103044
33.7102845
33.7102646
33.7102447
33.7102247
33.7102048
33.710185
33.7101653
33.7101456
33.7101261
33.7101068
33.7100876
33.7100686
33.7100498
33.7100312
33.7100128
33.7099946
33.7099767
33.709959
33.7099416
33.7099243
33.7099073
33.7098905
33.709874
33.7098576
33.7098414
33.7098255
33.7098099
33.7097946
33.7097795
33.7097649
33.7097506
33.7097367
33.7097233
33.7097103
33.7096979
33.7096859
33.7096745
33.7096637
33.7096534
33.7096436
33.7096345
33.7096259
33.709618
33.7096106
33.7096039
33.7095977
33.7095922
33.7095872
33.7095828
33.709579
33.7095757
33.709573
33.7095709
33.7095693
33.7095684
33.7095682
33.7095686
33.7095697
33.7095716
33.7095742
33.7095777
33.7095819
33.7095869
33.7095928
33.7095995
33.7096071
33.7096156
33.7096249
33.7096351
33.7096462
33.7096581
33.709671
33.7096847
33.7096993
33.7097147
33.709731
33.7097481
33.709766
33.7097848
33.7098043
33.7098246
33.7098458
33.7098679
33.7098908
33.7099147
33.7099395
33.7099652
33.7099919
33.7100197
33.7100484
33.7100781
33.7101089
33.7101406
33.7101734
33.7102073
33.7102421
33.710278
33.7103148
33.7103527
33.7103916
33.7104315
33.7104723
33.7105141
33.7105569
33.7106005
33.710645
33.7106905
33.7107367
33.7107839
33.710832
33.710881
33.710931
33.7109819
33.7110338
33.7110867
33.7111406
33.7111955
33.7112514
33.7113083
33.7113662
33.7114251
33.711485
33.7115459
33.7116077
33.7116705
33.7117343
33.7117989
33.7118645
33.711931
33.7119983
33.7120664
33.7121354
33.7122051
33.7122756
33.7123469
33.7124189
33.7124916
33.7125651
33.7126393
33.7127143
33.7127901
33.7128666
33.712944
33.7130222
33.7131011
33.7131809
33.7132614
33.7133426
33.7134246
33.7135073
33.7135907
33.7136748
33.7137596
33.713845
33.713931
33.7140176
33.7141047
33.7141923
33.7142805
33.7143691
33.7144581
33.7145475
33.7146373
33.7147275
33.7148181
33.714909
33.7150003
33.715092
33.7151841
33.7152765
33.7153694
33.7154626
33.7155562
33.7156501
33.7157444
33.7158389
33.7159337
33.7160288
33.7161241
33.7162197
33.7163154
33.7164112
33.7165072
33.7166033
33.7166994
33.7167955
33.7168915
33.7169876
33.7170835
33.7171793
33.717275
33.7173706
33.717466
33.7175613
33.7176565
33.7177515
33.7178464
33.7179411
33.7180358
33.7181302
33.7182245
33.7183186
33.7184125
33.7185061
33.7185995
33.7186926
33.7187854
33.7188779
33.71897
33.7190617
33.719153
33.7192438
33.7193341
33.7194239
33.7195131
33.7196018
33.7196898
33.7197772
33.7198639
33.7199501
33.7200356
33.7201205
33.7202047
33.7202884
33.7203714
33.7204538
33.7205356
33.7206167
33.7206972
33.7207771
33.7208562
33.7209347
33.7210125
33.7210895
33.7211657
33.7212412
33.7213159
33.7213898
33.7214628
33.721535
33.7216062
33.7216765
33.7217458
33.7218141
33.7218815
33.7219479
33.7220133
33.7220777
33.7221412
33.7222037
33.7222654
33.7223261
33.7223858
33.7224447
33.7225027
33.7225597
33.7226159
33.7226711
33.7227254
33.7227787
33.7228311
33.7228825
33.7229329
33.7229824
33.7230308
33.7230782
33.7231246
33.7231699
33.7232142
33.7232573
33.7232993
33.7233402
33.72338
33.7234188
33.7234564
33.723493
33.7235286
33.7235632
33.7235968
33.7236295
33.7236612
33.7236919
33.7237217
33.7237506
33.7237786
33.7238056
33.7238317
33.7238568
33.723881
33.7239043
33.7239267
33.7239481
33.7239685
33.723988
33.7240065
33.724024
33.7240406
33.7240561
33.7240706
33.7240842
33.7240967
33.7241083
33.724119
33.7241289
33.7241378
33.724146
33.7241534
33.72416
33.7241658
33.7241709
33.7241752
33.7241789
33.7241818
33.7241839
33.7241854
33.7241862
33.7241863
33.7241857
33.7241844
33.7241824
33.7241797
33.7241763
33.7241722
33.7241674
33.7241618
33.7241556
33.7241487
33.724141
33.7241327
33.7241238
33.7241144
33.7241043
33.7240938
33.7240828
33.7240713
33.7240594
33.7240471
33.7240344
33.7240214
33.7240079
33.7239941
33.7239799
33.7239654
33.7239505
33.7239354
33.7239198
33.723904
33.7238878
33.7238713
33.7238545
33.7238373
33.7238198
33.723802
33.7237839
33.7237655
33.7237468
33.7237279
33.7237087
33.7236894
33.72367
33.7236505
33.7236309
33.7236113
33.7235917
33.7235721
33.7235525
33.7235329
33.7235134
33.7234939
33.7234745
33.7234552
33.7234359
33.7234167
33.7233976
33.7233786
33.7233596
33.7233408
33.723322
33.7233032
33.7232846
33.7232661
33.7232477
33.7232294
33.7232113
33.7231933
33.7231756
33.7231581
33.723141
33.7231242
33.7231077
33.7230917
33.723076
33.7230608
33.723046
33.7230316
33.7230177
33.7230042
33.7229912
33.7229786
33.7229665
33.7229549
33.7229437
33.722933
33.7229228
33.722913
33.7229037
33.7228948
33.7228864
33.7228785
33.7228711
33.7228642
33.7228578
33.722852
33.7228469
33.7228424
33.7228385
33.7228354
33.722833
33.7228313
33.7228304
33.7228302
33.7228308
33.7228322
33.7228344
33.7228374
33.7228411
33.7228456
33.7228509
33.722857
33.7228638
33.7228715
33.7228798
33.722889
33.7228988
33.7229095
33.7229208
33.722933
33.7229459
33.7229596
33.7229742
33.7229896
33.7230059
33.7230232
33.7230413
33.7230605
33.7230806
33.7231017
33.7231238
33.7231468
33.7231709
33.7231959
33.7232219
33.7232489
33.7232769
33.7233059
33.7233358
33.7233666
33.7233984
33.7234312
33.7234648
33.7234993
33.7235348
33.7235711
33.7236083
33.7236464
33.7236854
33.7237253
33.7237662
33.7238081
33.7238511
33.723895
33.7239399
33.7239859
33.724033
33.7240811
33.7241302
33.7241803
33.7242315
33.7242837
33.7243368
33.724391
33.7244461
33.7245023
33.7245593
33.7246173
33.7246762
33.7247359
33.7247966
33.7248581
33.7249204
33.7249835
33.7250475
33.7251122
33.7251778
33.7252443
33.7253116
33.7253799
33.725449
33.725519
33.72559
33.7256618
33.7257345
33.7258081
33.7258825
33.7259578
33.726034
33.7261109
33.7261886
33.7262671
33.7263463
33.7264263
33.7265069
33.7265883
33.7266702
33.7267528
33.726836
33.7269197
33.727004
33.7270888
33.7271741
33.72726
33.7273464
33.7274333
33.7275208
33.7276088
33.7276974
33.7277866
33.7278763
33.7279665
33.7280572
33.7281484
33.7282401
33.7283323
33.7284248
33.7285177
33.728611
33.7287047
33.7287986
33.7288928
33.7289873
33.7290819
33.7291768
33.7292718
33.7293669
33.7294621
33.7295574
33.7296528
33.7297482
33.7298436
33.7299391
33.7300346
33.7301302
33.7302259
33.7303216
33.7304174
33.7305132
33.7306091
33.7307049
33.7308007
33.7308964
33.730992
33.7310875
33.7311829
33.7312781
33.731373
33.7314678
33.7315622
33.7316564
33.7317502
33.7318437
33.7319368
33.7320294
33.7321216
33.7322134
33.7323046
33.7323955
33.7324858
33.7325756
33.7326651
33.732754
33.7328425
33.7329306
33.7330182
33.7331053
33.7331919
33.733278
33.7333635
33.7334485
33.7335329
33.7336166
33.7336997
33.7337822
33.7338639
33.7339449
33.7340252
33.7341047
33.7341834
33.7342612
33.7343382
33.7344143
33.7344896
33.734564
33.7346375
33.7347101
33.7347819
33.7348528
33.7349228
33.7349921
33.7350605
33.7351281
33.7351949
33.7352608
33.7353258
33.7353901
33.7354534
33.7355158
33.7355773
33.7356378
33.7356975
33.7357561
33.7358138
33.7358704
33.735926
33.7359806
33.7360341
33.7360866
33.736138
33.7361882
33.7362374
33.7362855
33.7363326
33.7363786
33.7364236
33.7364677
33.7365107
33.7365528
33.7365939
33.736634
33.7366733
33.7367115
33.7367489
33.7367852
33.7368206
33.736855
33.7368885
33.7369209
33.7369523
33.7369828
33.7370122
33.7370406
33.7370679
33.7370943
33.7371195
33.7371437
33.7371669
33.737189
33.73721
33.7372301
33.7372492
33.7372673
33.7372846
33.7373009
33.7373164
33.737331
33.7373448
33.7373578
33.73737
33.7373813
33.7373918
33.7374016
33.7374105
33.7374186
33.7374259
33.7374324
33.737438
33.7374429
33.7374469
33.7374501
33.7374525
33.7374541
33.7374548
33.7374547
33.7374538
33.7374522
33.7374497
33.7374465
33.7374427
33.7374382
33.737433
33.7374273
33.7374211
33.7374142
33.7374069
33.737399
33.7373906
33.7373818
33.7373724
33.7373625
33.7373522
33.7373413
33.73733
33.7373182
33.7373059
33.7372932
33.7372799
33.7372662
33.7372521
33.7372375
33.7372224
33.7372069
33.7371909
33.7371746
33.7371578
33.7371408
33.7371234
33.7371058
33.737088
33.73707
33.7370518
33.7370335
33.7370151
33.7369965
33.7369779
33.7369591
33.7369402
33.7369213
33.7369022
33.7368831
33.7368639
33.7368446
33.7368253
33.7368059
33.7367864
33.7367669
33.7367473
33.7367276
33.7367079
33.7366883
33.7366685
33.7366489
33.7366292
33.7366097
33.7365903
33.7365711
33.7365522
33.7365334
33.736515
33.7364968
33.7364789
33.7364613
33.736444
33.736427
33.7364104
33.736394
33.736378
33.7363622
33.7363468
33.7363318
33.736317
33.7363026
33.7362886
33.7362748
33.7362614
33.7362484
33.7362357
33.7362234
33.7362116
33.7362001
33.7361891
33.7361787
33.7361687
33.7361594
33.7361506
33.7361425
33.7361351
33.7361283
33.7361222
33.7361167
33.7361119
33.7361078
33.7361043
33.7361015
33.7360994
33.7360979
33.7360971
33.736097
33.7360976
33.7360988
33.7361007
33.7361032
33.7361064
33.7361103
33.7361149
33.7361202
33.7361262
33.736133
33.7361406
33.7361491
33.7361583
33.7361685
33.7361796
33.7361916
33.7362045
33.7362184
33.7362332
33.7362489
33.7362656
33.7362831
33.7363016
33.736321
33.7363413
33.7363625
33.7363846
33.7364076
33.7364315
33.7364562
33.7364818
33.7365083
33.7365357
33.7365639
33.736593
33.736623
33.7366539
33.7366858
33.7367187
33.7367526
33.7367875
33.7368234
33.7368604
33.7368985
33.7369376
33.7369777
33.7370189
33.7370611
33.7371043
33.7371486
33.7371938
33.73724
33.7372872
33.7373353
33.7373844
33.7374344
33.7374853
33.7375371
33.7375898
33.7376434
33.7376978
33.7377532
33.7378094
33.7378665
33.7379246
33.7379836
33.7380436
33.7381045
33.7381664
33.7382293
33.7382932
33.738358
33.7384238
33.7384906
33.7385582
33.7386268
33.7386963
33.7387667
33.7388379
33.7389099
33.7389827
33.7390563
33.7391307
33.7392058
33.7392817
33.7393583
33.7394355
33.7395134
33.739592
33.7396712
33.7397511
33.7398316
33.7399129
33.7399948
33.7400775
33.7401608
33.7402449
33.7403297
33.7404151
33.7405012
33.7405879
33.7406753
33.7407632
33.7408517
33.7409407
33.7410302
33.7411202
33.7412107
33.7413016
33.7413929
33.7414845
33.7415765
33.7416688
33.7417614
33.7418543
33.7419474
33.7420408
33.7421343
33.7422281
33.7423222
33.7424165
33.742511
33.7426058
33.7427009
33.7427962
33.7428917
33.7429874
33.7430833
33.7431793
33.7432754
33.7433716
33.7434679
33.7435642
33.7436604
33.7437566
33.7438527
33.7439488
33.7440447
33.7441404
33.744236
33.7443313
33.7444264
33.7445212
33.7446158
33.74471
33.744804
33.7448976
33.744991
33.7450841
33.7451769
33.7452695
33.7453618
33.7454538
33.7455455
33.7456368
33.7457278
33.7458184
33.7459085
33.7459982
33.7460874
33.7461761
33.7462642
33.7463518
33.7464388
33.7465251
33.7466108
33.7466958
33.7467802
33.7468638
33.7469467
33.7470288
33.7471102
33.7471909
33.7472707
33.7473499
33.7474283
33.7475059
33.7475829
33.7476592
33.7477347
33.7478096
33.7478837
33.747957
33.7480295
33.7481013
33.7481722
33.7482422
33.7483114
33.7483796
33.748447
33.7485134
33.7485788
33.7486433
33.7487068
33.7487692
33.7488307
33.7488911
33.7489505
33.7490089
33.7490663
33.7491226
33.7491779
33.7492322
33.7492856
33.749338
33.7493895
33.7494401
33.7494897
33.7495384
33.7495862
33.749633
33.7496789
33.7497237
33.7497676
33.7498105
33.7498523
33.7498931
33.7499329
33.7499716
33.7500092
33.7500458
33.7500813
33.7501157
33.750149
33.7501813
33.7502125
33.7502426
33.7502717
33.7502997
33.7503268
33.7503529
33.7503781
33.7504023
33.7504257
33.7504481
33.7504697
33.7504904
33.7505103
33.7505292
33.7505473
33.7505644
33.7505807
33.750596
33.7506104
33.7506239
33.7506365
33.7506482
33.7506589
33.7506688
33.7506777
33.7506856
33.7506927
33.7506989
33.7507042
33.7507087
33.7507123
33.7507151
33.7507172
33.7507186
33.7507193
33.7507193
33.7507186
33.7507173
33.7507154
33.7507129
33.7507098
33.750706
33.7507016
33.7506966
33.7506909
33.7506847
33.7506778
33.7506703
33.7506622
33.7506534
33.7506441
33.7506342
33.7506236
33.7506125
33.7506009
33.7505886
33.7505759
33.7505626
33.7505489
33.7505348
33.7505203
33.7505055
33.7504903
33.7504749
33.7504592
33.7504432
33.750427
33.7504105
33.7503938
33.7503768
33.7503596
33.7503422
33.7503245
33.7503066
33.7502884
33.7502701
33.7502515
33.7502327
33.7502137
33.7501945
33.7501751
33.7501555
33.7501358
33.750116
33.7500961
33.7500761
33.750056
33.750036
33.750016
33.7499962
33.7499764
33.7499568
33.7499374
33.749918
33.7498989
33.7498799
33.7498611
33.7498424
33.7498239
33.7498056
33.7497874
33.7497695
33.7497517
33.7497341
33.7497167
33.7496995
33.7496825
33.7496657
33.7496491
33.7496328
33.7496168
33.7496011
33.7495856
33.7495706
33.7495559
33.7495417
33.7495279
33.7495146
33.7495019
33.7494897
33.7494781
33.749467
33.7494564
33.7494464
33.7494369
33.749428
33.7494196
33.7494118
33.7494045
33.7493977
33.7493915
33.7493859
33.7493808
33.7493763
33.7493724
33.749369
33.7493662
33.7493641
33.7493626
33.7493617
33.7493615
33.749362
33.7493632
33.7493653
33.7493681
33.7493719
33.7493764
33.7493818
33.7493881
33.7493952
33.7494032
33.749412
33.7494217
33.7494322
33.7494435
33.7494556
33.7494686
33.7494824
33.749497
33.7495124
33.7495286
33.7495457
33.7495636
33.7495823
33.7496018
33.7496223
33.7496436
33.7496657
33.7496889
33.7497129
33.7497379
33.749764
33.749791
33.7498191
33.7498483
33.7498784
33.7499097
33.7499419
33.7499751
33.7500094
33.7500446
33.7500807
33.7501179
33.750156
33.750195
33.750235
33.7502758
33.7503177
33.7503604
33.750404
33.7504486
33.7504941
33.7505404
33.7505878
33.750636
33.7506852
33.7507354
33.7507866
33.7508389
33.7508921
33.7509464
33.7510017
33.7510581
33.7511154
33.7511738
33.7512332
33.7512935
33.7513548
33.751417
33.7514801
33.7515441
33.7516089
33.7516746
33.7517412
33.7518085
33.7518767
33.7519456
33.7520154
33.7520859
33.7521572
33.7522293
33.7523022
33.7523758
33.7524502
33.7525255
33.7526016
33.7526785
33.7527562
33.7528348
33.7529142
33.7529943
33.7530753
33.753157
33.7532394
33.7533225
33.7534062
33.7534906
33.7535755
33.7536611
33.7537472
33.7538338
33.753921
33.7540086
33.7540967
33.7541853
33.7542742
33.7543637
33.7544535
33.7545437
33.7546343
33.7547254
33.7548169
33.7549088
33.7550011
33.7550939
33.755187
33.7552806
33.7553746
33.7554688
33.7555634
33.7556583
33.7557534
33.7558488
33.7559443
33.75604
33.7561357
33.7562316
33.7563275
33.7564235
33.7565195
33.7566155
33.7567114
33.7568073
33.7569031
33.7569988
33.7570945
33.75719
33.7572854
33.7573807
33.757476
33.7575711
33.7576662
33.7577612
33.757856
33.7579507
33.7580453
33.7581396
33.7582337
33.7583275
33.7584211
33.7585142
33.7586071
33.7586995
33.7587915
33.7588831
33.7589741
33.7590647
33.7591548
33.7592443
33.7593333
33.7594217
33.7595095
33.7595967
33.7596833
33.7597693
33.7598546
33.7599394
33.7600237
33.7601073
33.7601904
33.7602729
33.7603548
33.7604361
33.7605168
33.7605967
33.760676
33.7607545
33.7608322
33.7609091
33.7609853
33.7610606
33.761135
33.7612086
33.7612812
33.761353
33.7614238
33.7614937
33.7615627
33.7616307
33.7616978
33.7617639
33.761829
33.7618933
33.7619566
33.762019
33.7620805
33.7621411
33.7622008
33.7622597
33.7623178
33.7623749
33.762431
33.7624863
33.7625405
33.7625938
33.762646
33.7626972
33.7627474
33.7627965
33.7628446
33.7628916
33.7629376
33.7629824
33.7630262
33.7630689
33.7631105
33.763151
33.7631905
33.7632289
33.7632663
33.7633027
33.7633381
33.7633725
33.763406
33.7634385
33.7634702
33.7635009
33.7635307
33.7635596
33.7635875
33.7636145
33.7636405
33.7636655
33.7636896
33.7637126
33.7637346
33.7637557
33.7637757
33.7637947
33.7638128
33.7638298
33.7638459
33.763861
33.7638751
33.7638883
33.7639005
33.7639119
33.7639223
33.763932
33.7639408
33.7639488
33.7639561
33.7639626
33.7639684
33.7639735
33.7639778
33.7639815
33.7639844
33.7639865
33.7639879
33.7639886
33.7639885
33.7639876
33.763986
33.7639836
33.7639805
33.7639767
33.7639721
33.7639669
33.7639609
33.7639543
33.763947
33.7639391
33.7639306
33.7639215
33.7639118
33.7639017
33.7638911
33.76388
33.7638686
33.7638567
33.7638444
33.7638318
33.7638188
33.7638054
33.7637916
33.7637774
33.7637628
33.7637479
33.7637325
33.7637168
33.7637006
33.7636842
33.7636673
33.7636501
33.7636326
33.7636148
33.7635967
33.7635783
33.7635596
33.7635407
33.7635216
33.7635024
33.7634831
33.7634637
33.7634442
33.7634247
33.7634052
33.7633857
33.7633663
33.7633468
33.7633274
33.763308
33.7632886
33.7632692
33.7632499
33.7632305
33.7632112
33.763192
33.7631727
33.7631535
33.7631344
33.7631154
33.7630964
33.7630776
33.7630588
33.7630403
33.7630219
33.7630037
33.7629857
33.762968
33.7629507
33.7629337
33.762917
33.7629008
33.762885
33.7628696
33.7628546
33.76284
33.7628259
33.7628121
33.7627988
33.7627859
33.7627734
33.7627613
33.7627496
33.7627384
33.7627275
33.7627172
33.7627072
33.7626978
33.7626888
33.7626803
33.7626723
33.7626649
33.762658
33.7626517
33.7626461
33.762641
33.7626367
33.7626331
33.7626303
33.7626282
33.7626269
33.7626264
33.7626266
33.7626275
33.7626292
33.7626317
33.7626348
33.7626387
33.7626434
33.7626487
33.7626548
33.7626616
33.7626692
33.7626775
33.7626866
33.7626964
33.762707
33.7627184
33.7627306
33.7627436
33.7627575
33.7627723
33.7627879
33.7628045
33.762822
33.7628406
33.7628601
33.7628806
33.7629022
33.7629247
33.7629482
33.7629727
33.7629981
33.7630244
33.7630516
33.7630798
33.7631089
33.7631389
33.7631698
33.7632016
33.7632343
33.7632679
33.7633025
33.7633379
33.7633743
33.7634116
33.7634499
33.7634891
33.7635293
33.7635705
33.7636127
33.7636559
33.7637002
33.7637456
33.763792
33.7638395
33.7638881
33.7639377
33.7639883
33.7640398
33.7640924
33.7641459
33.7642003
33.7642556
33.7643119
33.764369
33.764427
33.7644859
33.7645457
33.7646063
33.7646678
33.7647302
33.7647934
33.7648575
33.7649225
33.7649883
33.7650551
33.7651227
33.7651913
33.7652607
33.7653312
33.7654025
33.7654748
33.7655479
33.765622
33.7656969
33.7657726
33.7658491
33.7659263
33.7660043
33.766083
33.7661623
33.7662423
33.766323
33.7664043
33.7664863
33.7665688
33.766652
33.7667357
33.76682
33.7669049
33.7669903
33.7670764
33.767163
33.7672502
33.7673379
33.7674263
33.7675152
33.7676047
33.7676947
33.7677853
33.7678765
33.7679681
33.7680601
33.7681525
33.7682453
33.7683385
33.7684319
33.7685256
33.7686196
33.7687138
33.7688081
33.7689027
33.7689974
33.7690923
33.7691874
33.7692825
33.7693777
33.7694731
33.7695685
33.7696641
33.7697597
33.7698554
33.7699512
33.7700472
33.7701432
33.7702392
33.7703353
33.7704314
33.7705275
33.7706235
33.7707194
33.7708152
33.7709108
33.7710062
33.7711014
33.7711963
33.7712909
33.7713852
33.7714791
33.7715727
33.771666
33.7717588
33.7718513
33.7719433
33.7720349
33.7721261
33.7722169
33.7723072
33.7723971
33.7724866
33.7725757
33.7726643
33.7727525
33.7728403
33.7729275
33.7730143
33.7731005
33.7731861
33.7732711
33.7733555
33.7734392
33.7735222
33.7736044
33.7736859
33.7737666
33.7738466
33.7739257
33.774004
33.7740816
33.7741582
33.7742341
33.7743091
33.7743832
33.7744566
33.774529
33.7746007
33.7746715
33.7747416
33.7748108
33.7748793
33.7749469
33.7750138
33.7750798
33.7751449
33.7752091
33.7752723
33.7753347
33.775396
33.7754563
33.7755157
33.775574
33.7756313
33.7756875
33.7757427
33.7757968
33.7758499
33.775902
33.7759529
33.7760029
33.7760518
33.7760996
33.7761465
33.7761923
33.7762372
33.7762811
33.776324
33.776366
33.7764071
33.7764473
33.7764865
33.7765248
33.7765621
33.7765984
33.7766336
33.7766678
33.776701
33.7767332
33.7767643
33.7767943
33.7768233
33.7768512
33.776878
33.7769039
33.7769287
33.7769524
33.7769752
33.776997
33.7770178
33.7770376
33.7770565
33.7770745
33.7770915
33.7771078
33.7771232
33.7771377
33.7771515
33.7771645
33.7771766
33.777188
33.7771985
33.7772081
33.7772169
33.7772248
33.7772318
33.7772379
33.7772432
33.7772477
33.7772512
33.777254
33.7772559
33.777257
33.7772573
33.7772569
33.7772557
33.7772537
33.7772511
33.7772477
33.7772438
33.7772391
33.7772339
33.7772282
33.7772219
33.777215
33.7772077
33.7771999
33.7771915
33.7771827
33.7771733
33.7771633
33.7771529
33.7771418
33.7771303
33.7771182
33.7771056
33.7770924
33.7770788
33.7770647
33.7770502
33.7770352
33.7770198
33.777004
33.7769878
33.7769713
33.7769544
33.7769373
33.77692
33.7769024
33.7768846
33.7768666
33.7768485
33.7768303
33.776812
33.7767935
33.776775
33.7767563
33.7767374
33.7767185
33.7766994
33.7766801
33.7766607
33.7766412
33.7766216
33.7766019
33.7765821
33.7765623
33.7765424
33.7765225
33.7765026
33.7764827
33.7764629
33.7764432
33.7764236
33.7764042
33.7763849
33.7763659
33.776347
33.7763285
33.7763102
33.7762922
33.7762745
33.7762571
33.77624
33.7762231
33.7762066
33.7761902
33.7761742
33.7761584
33.7761429
33.7761277
33.7761128
33.7760981
33.7760839
33.77607
33.7760564
33.7760432
33.7760305
33.7760182
33.7760063
33.775995
33.7759841
33.7759739
33.7759642
33.7759551
33.7759466
33.7759388
33.7759317
33.7759252
33.7759194
33.7759142
33.7759096
33.7759057
33.7759024
33.7758997
33.7758976
33.7758961
33.7758953
33.7758951
33.7758955
33.7758966
33.7758984
33.7759009
33.7759041
33.775908
33.7759126
33.775918
33.7759242
33.7759312
33.7759391
33.7759478
33.7759574
33.7759679
33.7759794
33.7759918
33.7760051
33.7760194
33.7760346
33.7760506
33.7760676
33.7760854
33.7761041
33.7761236
33.776144
33.7761652
33.7761873
33.7762103
33.7762341
33.7762588
33.7762844
33.7763109
33.7763384
33.7763667
33.776396
33.7764262
33.7764574
33.7764896
33.7765228
33.7765571
33.7765924
33.7766287
33.7766662
33.7767047
33.7767442
33.7767848
33.7768264
33.776869
33.7769125
33.776957
33.7770024
33.7770488
33.777096
33.7771442
33.7771933
33.7772433
33.7772942
33.777346
33.7773988
33.7774524
33.777507
33.7775625
33.777619
33.7776764
33.7777348
33.7777941
33.7778545
33.7779158
33.7779781
33.7780414
33.7781058
33.7781711
33.7782373
33.7783045
33.7783726
33.7784415
33.7785113
33.7785819
33.7786532
33.7787253
33.7787982
33.7788718
33.7789462
33.7790213
33.7790972
33.7791737
33.779251
33.779329
33.7794077
33.7794871
33.7795673
33.7796481
33.7797297
33.7798119
33.7798949
33.7799787
33.7800631
33.7801482
33.7802341
33.7803206
33.7804077
33.7804954
33.7805836
33.7806724
33.7807616
33.7808513
33.7809413
33.7810318
33.7811226
33.7812138
33.7813054
33.7813973
33.7814895
33.7815821
33.7816749
33.7817681
33.7818615
33.7819553
33.7820493
33.7821436
33.7822381
33.782333
33.782428
33.7825234
33.782619
33.7827148
33.7828108
33.7829069
33.7830032
33.7830996
33.7831959
33.7832923
33.7833886
33.7834849
33.783581
33.783677
33.7837729
33.7838686
33.7839641
33.7840595
33.7841546
33.7842496
33.7843443
33.7844388
33.784533
33.7846271
